0 0.46171875 0.803125 0.12890625 0.240625
0 0.609375 0.825 0.08984375 0.1515625
0 0.71953125 0.71015625 0.13046875 0.15546875
0 0.753125 0.52734375 0.153125 0.14765625
0 0.684375 0.33984375 0.128125 0.1734375
0 0.59140625 0.19140625 0.13046875 0.203125
0 0.43046875 0.14765625 0.1640625 0.28203125
0 0.2625 0.20703125 0.125 0.18203125
0 0.18359375 0.2296875 0.103125 0.13515625
0 0.196875 0.3390625 0.1515625 0.153125
0 0.1109375 0.440625 0.16875 0.153125
0 0.1078125 0.60546875 0.13671875 0.15859375
0 0.1671875 0.77421875 0.2453125 0.29453125
0 0.31171875 0.8109375 0.1015625 0.15390625